00 01 10 00 
%0.0 
00 00 00 00  00 00 00 00 

00 00 00 00 00 00 00 00 00 00 00 00 00 00 00 00 00 00 00 00 00 00 00 00 00 00 00 00 00 00 00 00 00 00 00 00 00 00 00 00 00 00 00 00 00 00 00 00 00 00 00 00 00 00 00 00 00 00 00 00 00 00 00 00 00 00 00 00 00 00 00 00 00 00 00 00 00 00 00 00 00 00 00 00 00 00 00 00 00 00 00 00 00 00 00 00 00 00 00 00 00 00 00 00 00 00 00 00 00 00 00 00 00 00 00 00 00 00 00 00 00 00 00 00 00 00 00 00 00 00 00 00 00 00 00 00 00 00 00 00 00 00 00 00 00 00 00 00 00 00 00 00 00 00 00 00 00 00 00 00 00 00 00 00 00 00 00 00 00 00 00 00 00 00 00 00 00 00 00 00 00 00 00 00 00 00 00 00 00 00 00 00 00 00 00 00 00 00 00 00 00 00 00 00 00 00 00 00 00 00 00 00 00 00 00 00 00 00 00 00 00 00 00 00 00 00 00 00 00 00 00 00 00 00 00 00 00 00 00 00 00 00 00 00 00 00 00 00 00 00 00 00 00 00 00 00 
00 00 00 00 00 00 00 00 00 00 00 00 00 00 00 00 00 00 00 00 00 00 00 00 00 00 00 00 00 00 00 00 00 00 00 00 00 00 00 00 00 00 00 00 00 00 00 00 00 00 00 00 00 00 00 00 00 00 00 00 00 00 00 00 00 00 00 00 00 00 00 00 00 00 00 00 00 00 00 00 00 00 00 00 00 00 00 00 00 00 00 00 00 00 00 00 00 00 00 00 00 00 00 00 00 00 00 00 00 00 00 00 00 00 00 00 00 00 00 00 00 00 00 00 00 00 00 00 00 00 00 00 00 00 00 00 00 00 00 00 00 00 00 00 00 00 00 00 00 00 00 00 00 00 00 00 00 00 00 00 00 00 00 00 00 00 00 00 00 00 00 00 00 00 00 00 00 00 00 00 00 00 00 00 00 00 00 00 00 00 00 00 00 00 00 00 00 00 00 00 00 00 00 00 00 00 00 00 00 00 00 00 00 00 00 00 00 00 00 00 00 00 00 00 00 00 00 00 00 00 00 00 00 00 00 00 00 00 00 00 00 00 00 00 00 00 00 00 00 00 00 00 00 00 00 00 
00 00 00 00 00 00 00 00 00 11 00 00 11 00 00 00 00 00 00 00 00 00 00 00 00 00 00 11 00 00 11 00 00 00 00 00 00 00 00 00 00 00 00 00 00 11 00 00 11 00 00 00 00 00 00 00 00 00 00 00 00 00 00 11 00 00 11 00 00 00 00 00 00 00 00 00 00 00 00 00 00 11 00 00 11 00 00 00 00 00 00 00 00 00 00 00 00 00 00 11 00 00 11 00 00 00 00 00 00 00 00 00 00 00 00 00 00 11 00 00 11 00 00 00 00 00 00 00 00 00 00 00 00 00 00 11 00 00 11 00 00 00 00 00 00 00 00 00 00 00 00 00 00 11 00 00 11 00 00 00 00 00 00 00 00 00 00 00 00 00 00 11 00 00 11 00 00 00 00 00 00 00 00 00 00 00 00 00 00 11 00 00 11 00 00 00 00 00 00 00 00 00 00 00 00 00 00 11 00 00 11 00 00 00 00 00 00 00 00 00 00 00 00 00 00 11 00 00 11 00 00 00 00 00 00 00 00 00 00 00 00 00 00 11 00 00 11 00 00 00 00 00 00 00 00 00 
00 00 00 00 00 00 00 00 21 22 22 22 22 22 23 00 00 00 00 00 00 00 00 00 00 00 21 22 22 22 22 22 23 00 00 00 00 00 00 00 00 00 00 00 21 22 22 22 22 22 23 00 00 00 00 00 00 00 00 00 00 00 21 22 22 22 22 22 23 00 00 00 00 00 00 00 00 00 00 00 21 22 22 22 22 22 23 00 00 00 00 00 00 00 00 00 00 00 21 22 22 22 22 22 23 00 00 00 00 00 00 00 00 00 00 00 21 22 22 22 22 22 23 00 00 00 00 00 00 00 00 00 00 00 21 22 22 22 22 22 23 00 00 00 00 00 00 00 00 00 00 00 21 22 22 22 22 22 23 00 00 00 00 00 00 00 00 00 00 00 21 22 22 22 22 22 23 00 00 00 00 00 00 00 00 00 00 00 21 22 22 22 22 22 23 00 00 00 00 00 00 00 00 00 00 00 21 22 22 22 22 22 23 00 00 00 00 00 00 00 00 00 00 00 21 22 22 22 22 22 23 00 00 00 00 00 00 00 00 00 00 00 21 22 22 22 22 22 23 00 00 00 00 00 00 00 

00 00 00 00 00 00 00 00 31 32 32 32 32 32 33 00 00 00 00 00 00 00 00 00 00 00 31 32 32 32 32 32 33 00 00 00 00 00 00 00 00 00 00 00 31 32 32 32 32 32 33 00 00 00 00 00 00 00 00 00 00 00 31 32 32 32 32 32 33 00 00 00 00 00 00 00 00 00 00 00 31 32 32 32 32 32 33 00 00 00 00 00 00 00 00 00 00 00 31 32 32 32 32 32 33 00 00 00 00 00 00 00 00 00 00 00 31 32 32 32 32 32 33 00 00 00 00 00 00 00 00 00 00 00 31 32 32 32 32 32 33 00 00 00 00 00 00 00 00 00 00 00 31 32 32 32 32 32 33 00 00 00 00 00 00 00 00 00 00 00 31 32 32 32 32 32 33 00 00 00 00 00 00 00 00 00 00 00 31 32 32 32 32 32 33 00 00 00 00 00 00 00 00 00 00 00 31 32 32 32 32 32 33 00 00 00 00 00 00 00 00 00 00 00 31 32 32 32 32 32 33 00 00 00 00 00 00 00 00 00 00 00 31 32 32 32 32 32 33 00 00 00 00 00 00 00 
00 00 00 00 00 00 00 00 31 32 32 32 32 32 33 00 00 00 00 00 00 00 00 00 00 00 31 32 32 32 32 32 33 00 00 00 00 00 00 00 00 00 00 00 31 32 32 32 32 32 33 00 00 00 00 00 00 00 00 00 00 00 31 32 32 32 32 32 33 00 00 00 00 00 00 00 00 00 00 00 31 32 32 32 32 32 33 00 00 00 00 00 00 00 00 00 00 00 31 32 32 32 32 32 33 00 00 00 00 00 00 00 00 00 00 00 31 32 32 32 32 32 33 00 00 00 00 00 00 00 00 00 00 00 31 32 32 32 32 32 33 00 00 00 00 00 00 00 00 00 00 00 31 32 32 32 32 32 33 00 00 00 00 00 00 00 00 00 00 00 31 32 32 32 32 32 33 00 00 00 00 00 00 00 00 00 00 00 31 32 32 32 32 32 33 00 00 00 00 00 00 00 00 00 00 00 31 32 32 32 32 32 33 00 00 00 00 00 00 00 00 00 00 00 31 32 32 32 32 32 33 00 00 00 00 00 00 00 00 00 00 00 31 32 32 32 32 32 33 00 00 00 00 00 00 00 
00 00 00 00 00 00 00 00 31 32 32 32 32 32 33 00 00 00 00 00 00 00 00 00 00 00 31 32 32 32 32 32 33 00 00 00 00 00 00 00 00 00 00 00 31 32 32 32 32 32 33 00 00 00 00 00 00 00 00 00 00 00 31 32 32 32 32 32 33 00 00 00 00 00 00 00 00 00 00 00 31 32 32 32 32 32 33 00 00 00 00 00 00 00 00 00 00 00 31 32 32 32 32 32 33 00 00 00 00 00 00 00 00 00 00 00 31 32 32 32 32 32 33 00 00 00 00 00 00 00 00 00 00 00 31 32 32 32 32 32 33 00 00 00 00 00 00 00 00 00 00 00 31 32 32 32 32 32 33 00 00 00 00 00 00 00 00 00 00 00 31 32 32 32 32 32 33 00 00 00 00 00 00 00 00 00 00 00 31 32 32 32 32 32 33 00 00 00 00 00 00 00 00 00 00 00 31 32 32 32 32 32 33 00 00 00 00 00 00 00 00 00 00 00 31 32 32 32 32 32 33 00 00 00 00 00 00 00 00 00 00 00 31 32 32 32 32 32 33 00 00 00 00 00 00 00 
00 00 00 11 00 00 00 00 31 32 32 32 32 32 33 00 00 00 00 00 00 11 00 00 00 00 31 32 32 32 32 32 33 00 00 00 00 00 00 11 00 00 00 00 31 32 32 32 32 32 33 00 00 00 00 00 00 11 00 00 00 00 31 32 32 32 32 32 33 00 00 00 00 00 00 11 00 00 00 00 31 32 32 32 32 32 33 00 00 00 00 00 00 11 00 00 00 00 31 32 32 32 32 32 33 00 00 00 00 00 00 11 00 00 00 00 31 32 32 32 32 32 33 00 00 00 00 00 00 11 00 00 00 00 31 32 32 32 32 32 33 00 00 00 00 00 00 11 00 00 00 00 31 32 32 32 32 32 33 00 00 00 00 00 00 11 00 00 00 00 31 32 32 32 32 32 33 00 00 00 00 00 00 11 00 00 00 00 31 32 32 32 32 32 33 00 00 00 00 00 00 11 00 00 00 00 31 32 32 32 32 32 33 00 00 00 00 00 00 11 00 00 00 00 31 32 32 32 32 32 33 00 00 00 00 00 00 11 00 00 00 00 31 32 32 32 32 32 33 00 00 00 00 00 00 00 

00 00 21 22 22 22 23 00 31 32 32 32 32 32 33 00 00 00 00 00 21 22 22 22 23 00 31 32 32 32 32 32 33 00 00 00 00 00 21 22 22 22 23 00 31 32 32 32 32 32 33 00 00 00 00 00 21 22 22 22 23 00 31 32 32 32 32 32 33 00 00 00 00 00 21 22 22 22 23 00 31 32 32 32 32 32 33 00 00 00 00 00 21 22 22 22 23 00 31 32 32 32 32 32 33 00 00 00 00 00 21 22 22 22 23 00 31 32 32 32 32 32 33 00 00 00 00 00 21 22 22 22 23 00 31 32 32 32 32 32 33 00 00 00 00 00 21 22 22 22 23 00 31 32 32 32 32 32 33 00 00 00 00 00 21 22 22 22 23 00 31 32 32 32 32 32 33 00 00 00 00 00 21 22 22 22 23 00 31 32 32 32 32 32 33 00 00 00 00 00 21 22 22 22 23 00 31 32 32 32 32 32 33 00 00 00 00 00 21 22 22 22 23 00 31 32 32 32 32 32 33 00 00 00 00 00 21 22 22 22 23 00 31 32 32 32 32 32 33 00 00 00 00 00 00 00 
00 00 31 32 32 32 33 00 31 32 32 32 32 32 33 00 00 00 00 00 31 32 32 32 33 00 31 32 32 32 32 32 33 00 00 00 00 00 31 32 32 32 33 00 31 32 32 32 32 32 33 00 00 00 00 00 31 32 32 32 33 00 31 32 32 32 32 32 33 00 00 00 00 00 31 32 32 32 33 00 31 32 32 32 32 32 33 00 00 00 00 00 31 32 32 32 33 00 31 32 32 32 32 32 33 00 00 00 00 00 31 32 32 32 33 00 31 32 32 32 32 32 33 00 00 00 00 00 31 32 32 32 33 00 31 32 32 32 32 32 33 00 00 00 00 00 31 32 32 32 33 00 31 32 32 32 32 32 33 00 00 00 00 00 31 32 32 32 33 00 31 32 32 32 32 32 33 00 00 00 00 00 31 32 32 32 33 00 31 32 32 32 32 32 33 00 00 00 00 00 31 32 32 32 33 00 31 32 32 32 32 32 33 00 00 00 00 00 31 32 32 32 33 00 31 32 32 32 32 32 33 00 00 00 00 00 31 32 32 32 33 00 31 32 32 32 32 32 33 00 00 00 00 00 00 00 
00 00 31 32 32 32 33 00 31 32 32 32 32 32 33 00 00 00 00 00 31 32 32 32 33 00 31 32 32 32 32 32 33 00 00 00 00 00 31 32 32 32 33 00 31 32 32 32 32 32 33 00 00 00 00 00 31 32 32 32 33 00 31 32 32 32 32 32 33 00 00 00 00 00 31 32 32 32 33 00 31 32 32 32 32 32 33 00 00 00 00 00 31 32 32 32 33 00 31 32 32 32 32 32 33 00 00 00 00 00 31 32 32 32 33 00 31 32 32 32 32 32 33 00 00 00 00 00 31 32 32 32 33 00 31 32 32 32 32 32 33 00 00 00 00 00 31 32 32 32 33 00 31 32 32 32 32 32 33 00 00 00 00 00 31 32 32 32 33 00 31 32 32 32 32 32 33 00 00 00 00 00 31 32 32 32 33 00 31 32 32 32 32 32 33 00 00 00 00 00 31 32 32 32 33 00 31 32 32 32 32 32 33 00 00 00 00 00 31 32 32 32 33 00 31 32 32 32 32 32 33 00 00 00 00 00 31 32 32 32 33 00 31 32 32 32 32 32 33 00 00 00 00 00 00 00 
00 00 31 32 32 32 33 00 31 32 32 32 32 32 33 00 00 00 00 00 31 32 32 32 33 00 31 32 32 32 32 32 33 00 00 00 00 00 31 32 32 32 33 00 31 32 32 32 32 32 33 00 00 00 00 00 31 32 32 32 33 00 31 32 32 32 32 32 33 00 00 00 00 00 31 32 32 32 33 00 31 32 32 32 32 32 33 00 00 00 00 00 31 32 32 32 33 00 31 32 32 32 32 32 33 00 00 00 00 00 31 32 32 32 33 00 31 32 32 32 32 32 33 00 00 00 00 00 31 32 32 32 33 00 31 32 32 32 32 32 33 00 00 00 00 00 31 32 32 32 33 00 31 32 32 32 32 32 33 00 00 00 00 00 31 32 32 32 33 00 31 32 32 32 32 32 33 00 00 00 00 00 31 32 32 32 33 00 31 32 32 32 32 32 33 00 00 00 00 00 31 32 32 32 33 00 31 32 32 32 32 32 33 00 00 00 00 00 31 32 32 32 33 00 31 32 32 32 32 32 33 00 00 00 00 00 31 32 32 32 33 00 31 32 32 32 32 32 33 00 00 00 00 00 00 00 

00 00 31 32 32 32 33 00 31 32 32 32 32 32 33 00 00 00 00 00 31 32 32 32 33 00 31 32 32 32 32 32 33 00 00 00 00 00 31 32 32 32 33 00 31 32 32 32 32 32 33 00 00 00 00 00 31 32 32 32 33 00 31 32 32 32 32 32 33 00 00 00 00 00 31 32 32 32 33 00 31 32 32 32 32 32 33 00 00 00 00 00 31 32 32 32 33 00 31 32 32 32 32 32 33 00 00 00 00 00 31 32 32 32 33 00 31 32 32 32 32 32 33 00 00 00 00 00 31 32 32 32 33 00 31 32 32 32 32 32 33 00 00 00 00 00 31 32 32 32 33 00 31 32 32 32 32 32 33 00 00 00 00 00 31 32 32 32 33 00 31 32 32 32 32 32 33 00 00 00 00 00 31 32 32 32 33 00 31 32 32 32 32 32 33 00 00 00 00 00 31 32 32 32 33 00 31 32 32 32 32 32 33 00 00 00 00 00 31 32 32 32 33 00 31 32 32 32 32 32 33 00 00 00 00 00 31 32 32 32 33 00 31 32 32 32 32 32 33 00 00 00 00 00 00 00 
00 00 41 42 42 44 43 00 41 42 42 42 44 42 43 00 00 00 00 00 41 42 42 44 43 00 41 42 42 42 44 42 43 00 00 00 00 00 41 42 42 44 43 00 41 42 42 42 44 42 43 00 00 00 00 00 41 42 42 44 43 00 41 42 42 42 44 42 43 00 00 00 00 00 41 42 42 44 43 00 41 42 42 42 44 42 43 00 00 00 00 00 41 42 42 44 43 00 41 42 42 42 44 42 43 00 00 00 00 00 41 42 42 44 43 00 41 42 42 42 44 42 43 00 00 00 00 00 41 42 42 44 43 00 41 42 42 42 44 42 43 00 00 00 00 00 41 42 42 44 43 00 41 42 42 42 44 42 43 00 00 00 00 00 41 42 42 44 43 00 41 42 42 42 44 42 43 00 00 00 00 00 41 42 42 44 43 00 41 42 42 42 44 42 43 00 00 00 00 00 41 42 42 44 43 00 41 42 42 42 44 42 43 00 00 00 00 00 41 42 42 44 43 00 41 42 42 42 44 42 43 00 00 00 00 00 41 42 42 44 43 00 41 42 42 42 44 42 43 00 00 00 00 00 00 00 
51 51 51 51 51 51 51 51 51 51 51 51 51 51 51 51 51 51 51 51 51 51 51 51 51 51 51 51 51 51 51 51 51 51 51 51 51 51 51 51 51 51 51 51 51 51 51 51 51 51 51 51 51 51 51 51 51 51 51 51 51 51 51 51 51 51 51 51 51 51 51 51 51 51 51 51 51 51 51 51 51 51 51 51 51 51 51 51 51 51 51 51 51 51 51 51 51 51 51 51 51 51 51 51 51 51 51 51 51 51 51 51 51 51 51 51 51 51 51 51 51 51 51 51 51 51 51 51 51 51 51 51 51 51 51 51 51 51 51 51 51 51 51 51 51 51 51 51 51 51 51 51 51 51 51 51 51 51 51 51 51 51 51 51 51 51 51 51 51 51 51 51 51 51 51 51 51 51 51 51 51 51 51 51 51 51 51 51 51 51 51 51 51 51 51 51 51 51 51 51 51 51 51 51 51 51 51 51 51 51 51 51 51 51 51 51 51 51 51 51 51 51 51 51 51 51 51 51 51 51 51 51 51 51 51 51 51 51 51 51 51 51 51 51 51 51 51 51 51 51 51 51 51 51 51 51 
61 61 61 61 61 61 61 61 61 61 61 61 61 61 61 61 61 61 61 61 61 61 61 61 61 61 61 61 61 61 61 61 61 61 61 61 61 61 61 61 61 61 61 61 61 61 61 61 61 61 61 61 61 61 61 61 61 61 61 61 61 61 61 61 61 61 61 61 61 61 61 61 61 61 61 61 61 61 61 61 61 61 61 61 61 61 61 61 61 61 61 61 61 61 61 61 61 61 61 61 61 61 61 61 61 61 61 61 61 61 61 61 61 61 61 61 61 61 61 61 61 61 61 61 61 61 61 61 61 61 61 61 61 61 61 61 61 61 61 61 61 61 61 61 61 61 61 61 61 61 61 61 61 61 61 61 61 61 61 61 61 61 61 61 61 61 61 61 61 61 61 61 61 61 61 61 61 61 61 61 61 61 61 61 61 61 61 61 61 61 61 61 61 61 61 61 61 61 61 61 61 61 61 61 61 61 61 61 61 61 61 61 61 61 61 61 61 61 61 61 61 61 61 61 61 61 61 61 61 61 61 61 61 61 61 61 61 61 61 61 61 61 61 61 61 61 61 61 61 61 61 61 61 61 61 61 

33 00 00 00 
00 00 00 00  03 00 00 00  %8.0 %8.0 %20.0 # hrac 

02 00 00 00  03 00 00 00  %16.0 %3.0   %-2.0 
02 00 00 00  03 00 00 00  %25.0 %5.0   %-2.0 
02 00 00 00  03 00 00 00  %34.0 %6.0   %-2.0 
02 00 00 00  03 00 00 00  %40.0 %8.0   %-2.0 
02 00 00 00  03 00 00 00  %43.0 %12.0  %-2.0 
02 00 00 00  03 00 00 00  %43.0 %13.0  %-2.0 
02 00 00 00  03 00 00 00  %48.0 %6.0   %-2.0 
02 00 00 00  03 00 00 00  %50.0 %9.0   %-2.0 
02 00 00 00  03 00 00 00  %53.0 %8.0   %-2.0 
02 00 00 00  03 00 00 00  %55.0 %13.0  %-2.0 
02 00 00 00  03 00 00 00  %58.0 %3.0   %-2.0 
02 00 00 00  03 00 00 00  %60.0 %5.0   %-2.0 
02 00 00 00  03 00 00 00  %64.0 %7.0   %-2.0 
02 00 00 00  03 00 00 00  %68.0 %8.0   %-2.0 
02 00 00 00  03 00 00 00  %70.0 %9.0   %-2.0 
02 00 00 00  03 00 00 00  %72.0 %11.0  %-2.0 
02 00 00 00  03 00 00 00  %73.0 %14.0  %-2.0 
02 00 00 00  03 00 00 00  %74.0 %8.0   %-2.0 
02 00 00 00  03 00 00 00  %78.0 %4.0   %-2.0 
02 00 00 00  03 00 00 00  %80.0 %5.0   %-2.0 
02 00 00 00  03 00 00 00  %82.0 %6.0   %-2.0 
02 00 00 00  03 00 00 00  %85.0 %7.0   %-2.0 
02 00 00 00  03 00 00 00  %89.0 %8.0   %-2.0 
02 00 00 00  03 00 00 00  %94.0 %9.0   %-2.0 
02 00 00 00  03 00 00 00  %97.0 %10.0  %-2.0 
02 00 00 00  03 00 00 00  %108.0 %11.0 %-2.0 
02 00 00 00  03 00 00 00  %110.0 %3.0  %-2.0 
02 00 00 00  03 00 00 00  %116.0 %5.0  %-2.0 
02 00 00 00  03 00 00 00  %122.0 %7.0  %-2.0 
02 00 00 00  03 00 00 00  %130.0 %4.0  %-2.0 
02 00 00 00  03 00 00 00  %140.0 %9.0  %-2.0 
02 00 00 00  03 00 00 00  %149.0 %10.0 %-2.0 
02 00 00 00  03 00 00 00  %152.0 %11.0 %-2.0 
02 00 00 00  03 00 00 00  %160.0 %14.0 %-2.0 
02 00 00 00  03 00 00 00  %165.0 %16.0 %-2.0 
02 00 00 00  03 00 00 00  %170.0 %14.0 %-2.0 
02 00 00 00  03 00 00 00  %172.0 %12.0 %-2.0 
02 00 00 00  03 00 00 00  %174.0 %8.0  %-2.0 
02 00 00 00  03 00 00 00  %181.0 %7.0  %-2.0 
02 00 00 00  03 00 00 00  %182.0 %14.0 %-2.0 
02 00 00 00  03 00 00 00  %187.0 %8.0  %-2.0 
02 00 00 00  03 00 00 00  %192.0 %4.0  %-2.0 
02 00 00 00  03 00 00 00  %200.0 %9.0  %-2.0 
02 00 00 00  03 00 00 00  %210.0 %4.0  %-2.0 
02 00 00 00  03 00 00 00  %220.0 %5.0  %-2.0 
02 00 00 00  03 00 00 00  %221.0 %6.0  %-2.0 
02 00 00 00  03 00 00 00  %224.0 %7.0  %-2.0 
02 00 00 00  03 00 00 00  %230.0 %8.0  %-2.0 
02 00 00 00  03 00 00 00  %240.0 %4.0  %-2.0 
02 00 00 00  03 00 00 00  %250.0 %3.0  %-2.0 
02 00 00 00  03 00 00 00  %252.0 %11.0 %-2.0 
02 00 00 00  03 00 00 00  %260.0 %14.0 %-2.0 
02 00 00 00  03 00 00 00  %265.0 %16.0 %-2.0 
02 00 00 00  03 00 00 00  %270.0 %14.0 %-2.0 
02 00 00 00  03 00 00 00  %272.0 %12.0 %-2.0 
02 00 00 00  03 00 00 00  %274.0 %8.0  %-2.0 
02 00 00 00  03 00 00 00  %281.0 %7.0  %-2.0 
02 00 00 00  03 00 00 00  %282.0 %14.0 %-2.0 
02 00 00 00  03 00 00 00  %287.0 %8.0  %-2.0 
02 00 00 00  03 00 00 00  %292.0 %4.0  %-2.0 
02 00 00 00  03 00 00 00  %300.0 %9.0  %-2.0 
02 00 00 00  03 00 00 00  %310.0 %4.0  %-2.0 
02 00 00 00  03 00 00 00  %320.0 %5.0  %-2.0 
02 00 00 00  03 00 00 00  %321.0 %6.0  %-2.0 
02 00 00 00  03 00 00 00  %324.0 %7.0  %-2.0 
02 00 00 00  03 00 00 00  %330.0 %8.0  %-2.0 
02 00 00 00  03 00 00 00  %340.0 %4.0  %-2.0 
02 00 00 00  03 00 00 00  %350.0 %3.0  %-2.0 
02 00 00 00  03 00 00 00  %452.0 %11.0 %-2.0 
02 00 00 00  03 00 00 00  %460.0 %14.0 %-2.0 
02 00 00 00  03 00 00 00  %465.0 %16.0 %-2.0 
02 00 00 00  03 00 00 00  %470.0 %14.0 %-2.0 
02 00 00 00  03 00 00 00  %472.0 %12.0 %-2.0 
02 00 00 00  03 00 00 00  %474.0 %8.0  %-2.0 
02 00 00 00  03 00 00 00  %481.0 %7.0  %-2.0 
02 00 00 00  03 00 00 00  %482.0 %14.0 %-2.0 
02 00 00 00  03 00 00 00  %487.0 %8.0  %-2.0 
02 00 00 00  03 00 00 00  %492.0 %4.0  %-2.0 
02 00 00 00  03 00 00 00  %500.0 %9.0  %-2.0 
02 00 00 00  03 00 00 00  %510.0 %4.0  %-2.0 
02 00 00 00  03 00 00 00  %520.0 %5.0  %-2.0 
02 00 00 00  03 00 00 00  %521.0 %6.0  %-2.0 
02 00 00 00  03 00 00 00  %524.0 %7.0  %-2.0 
02 00 00 00  03 00 00 00  %530.0 %8.0  %-2.0 
02 00 00 00  03 00 00 00  %540.0 %4.0  %-2.0 
02 00 00 00  03 00 00 00  %550.0 %3.0  %-2.0 
 

 
